2.66301e+06
2.9591e+06
3.43396e+06
3.98998e+06
4.82674e+06
6.26927e+06
8.81932e+06
6.50175e+06
5.28536e+06
4.49816e+06
3.96673e+06
3.60213e+06
3.34712e+06
3.16649e+06
3.03544e+06
2.94002e+06
2.87049e+06
2.81397e+06
2.77619e+06
2.74756e+06
2.72599e+06
2.70987e+06
2.6981e+06
2.68895e+06
2.68116e+06
2.67757e+06
2.67355e+06
2.66952e+06
2.66778e+06
2.66524e+06
2.66532e+06
2.66629e+06
2.66579e+06
2.66457e+06
2.66333e+06
2.664e+06
2.6655e+06
2.66597e+06
2.66466e+06
2.6643e+06
2.66511e+06
2.66527e+06
2.66757e+06
2.66514e+06
2.66704e+06
2.66653e+06
2.66739e+06
2.66691e+06
2.66712e+06
2.6668e+06
2.66752e+06
2.66725e+06
2.6681e+06
2.66783e+06
2.66851e+06
2.66895e+06
2.66833e+06
2.66775e+06
2.66892e+06
2.66815e+06
2.66965e+06
2.66842e+06
2.6688e+06
2.66897e+06
2.66845e+06
2.66806e+06
2.66852e+06
2.66882e+06
2.66936e+06
2.6693e+06
2.66801e+06
2.66864e+06
2.66885e+06
2.66867e+06
2.66963e+06
2.66916e+06
2.66841e+06
2.67022e+06
2.66883e+06
2.66961e+06
2.66977e+06
2.66875e+06
2.66849e+06
2.67028e+06
2.66739e+06
2.66839e+06
2.66825e+06
2.66889e+06
2.66839e+06
2.66822e+06
2.66926e+06
2.66835e+06
2.66891e+06
2.66892e+06
2.66924e+06
2.67013e+06
2.67006e+06
2.66927e+06
2.66864e+06
2.66999e+06
2.66841e+06
2.66933e+06
2.67039e+06
2.66835e+06
2.66889e+06
2.66816e+06
2.66906e+06
2.66933e+06
2.66942e+06
2.66932e+06
2.66836e+06
2.66929e+06
2.66994e+06
2.66938e+06
2.66902e+06
2.66764e+06
2.66886e+06
2.66851e+06
2.66986e+06
2.66913e+06
2.66901e+06
2.66872e+06
2.66962e+06
2.66844e+06
2.66971e+06
2.66842e+06
2.66917e+06
2.66886e+06
2.66902e+06
2.66844e+06
2.66932e+06
2.66855e+06
2.66941e+06
2.66921e+06
2.66967e+06
2.66925e+06
2.66885e+06
2.67002e+06
2.66949e+06
2.66878e+06
2.66934e+06
2.66875e+06
2.66828e+06
2.66895e+06
2.66978e+06
2.66914e+06
2.66803e+06
2.66882e+06
2.66914e+06
2.66846e+06
2.66852e+06
2.66983e+06
2.66972e+06
2.66946e+06
2.66853e+06
2.66883e+06
2.66927e+06
2.66828e+06
2.66839e+06
2.66982e+06
2.66848e+06
2.66903e+06
2.66993e+06
2.66935e+06
2.66908e+06
2.66935e+06
2.66885e+06
2.66876e+06
2.66911e+06
2.66905e+06
2.66897e+06
2.66848e+06
2.66859e+06
2.66967e+06
2.67037e+06
2.66915e+06
2.66842e+06
2.6682e+06
2.66733e+06
2.66944e+06
2.66934e+06
2.66974e+06
2.67007e+06
2.66852e+06
2.66943e+06
2.66974e+06
2.66878e+06
2.66982e+06
2.67006e+06
2.66896e+06
2.66875e+06
2.66856e+06
2.66885e+06
2.66916e+06
2.6687e+06
2.66896e+06
2.66874e+06
2.66979e+06
2.66791e+06
2.66903e+06
2.6688e+06
2.66994e+06
2.66933e+06
2.66953e+06
2.66913e+06
2.66815e+06
2.66898e+06
2.66848e+06
2.6683e+06
2.66914e+06
2.66851e+06
2.66985e+06
2.66968e+06
2.66949e+06
2.66919e+06
2.66933e+06
2.66861e+06
2.66923e+06
2.66877e+06
2.66949e+06
2.66908e+06
2.66845e+06
2.66905e+06
2.66864e+06
2.66964e+06
2.66797e+06
2.67025e+06
2.6682e+06
2.66853e+06
2.66908e+06
2.67023e+06
2.66982e+06
2.66891e+06
2.6685e+06
2.66925e+06
2.66916e+06
2.66891e+06
2.66902e+06
2.66947e+06
2.66978e+06
2.66928e+06
2.66942e+06
2.66904e+06
2.66853e+06
2.66906e+06
2.66793e+06
2.66905e+06
2.66824e+06
2.66895e+06
2.6686e+06
2.67023e+06
2.66976e+06
2.67059e+06
2.66874e+06
2.66827e+06
2.66833e+06
2.66888e+06
2.67002e+06
2.66843e+06
2.66879e+06
2.66982e+06
2.66861e+06
2.67009e+06
2.6684e+06
2.66892e+06
2.66846e+06
2.66904e+06
2.66895e+06
2.66984e+06
2.66974e+06
2.66945e+06
2.66954e+06
2.66827e+06
2.66889e+06
2.66838e+06
2.6686e+06
2.6689e+06
2.66918e+06
2.66874e+06
2.66869e+06
2.66966e+06
2.66921e+06
2.66879e+06
2.66867e+06
2.66942e+06
2.66995e+06
2.66826e+06
2.66865e+06
2.66835e+06
2.66967e+06
2.66929e+06
2.66909e+06
2.66896e+06
2.67004e+06
2.66885e+06
2.66844e+06
2.66925e+06
2.66923e+06
2.66933e+06
2.66793e+06
2.66883e+06
2.66906e+06
2.66947e+06
2.66806e+06
2.66875e+06
2.66914e+06
2.67076e+06
2.66917e+06
2.66936e+06
2.66899e+06
2.66924e+06
2.6701e+06
2.66832e+06
2.66843e+06
2.66899e+06
2.66872e+06
2.66926e+06
2.67026e+06
2.66789e+06
2.66947e+06
2.66878e+06
2.66807e+06
2.67071e+06
2.66892e+06
2.66885e+06
2.66879e+06
2.66884e+06
2.66786e+06
2.66888e+06
2.66747e+06
2.66869e+06
2.6701e+06
2.66876e+06
2.66945e+06
2.67026e+06
2.66937e+06
2.66974e+06
2.66893e+06
2.66937e+06
2.66799e+06
2.66897e+06
2.66983e+06
2.66905e+06
2.66845e+06
2.66893e+06
2.66909e+06
2.66997e+06
2.66915e+06
2.66933e+06
2.66875e+06
2.66978e+06
2.66927e+06
2.6686e+06
2.66976e+06
2.66828e+06
2.66879e+06
2.66886e+06
2.66809e+06
2.66942e+06
2.66912e+06
2.66833e+06
2.66926e+06
2.66872e+06
2.67035e+06
2.66924e+06
2.66945e+06
2.6686e+06
2.66816e+06
2.66996e+06
2.66805e+06
2.66957e+06
2.66856e+06
2.66862e+06
2.66899e+06
2.67002e+06
2.66928e+06
2.66938e+06
2.66874e+06
2.66826e+06
2.66947e+06
2.66914e+06
2.6693e+06
2.66949e+06
2.67045e+06
2.66852e+06
2.66852e+06
2.6687e+06
2.66885e+06
2.66908e+06
2.66891e+06
2.66945e+06
2.66866e+06
2.66926e+06
2.66951e+06
2.66835e+06
2.66959e+06
2.66891e+06
2.66936e+06
2.66786e+06
2.66939e+06
2.66826e+06
2.66818e+06
2.66933e+06
2.66994e+06
2.66918e+06
2.66978e+06
2.6693e+06
2.66907e+06
2.66817e+06
2.66911e+06
2.66976e+06
2.66893e+06
2.66891e+06
5.09585e+06
3.68525e+06
3.05937e+06
2.78908e+06
2.68698e+06
2.66802e+06
2.69216e+06
2.73616e+06
2.78921e+06
2.84595e+06
2.89781e+06
2.9523e+06
3.00182e+06
3.04998e+06
3.09483e+06
3.13645e+06
3.17321e+06
3.20667e+06
3.23988e+06
3.26634e+06
3.28862e+06
3.31183e+06
3.33454e+06
3.35266e+06
3.36858e+06
3.38546e+06
3.39417e+06
3.41262e+06
3.42366e+06
3.43403e+06
3.44192e+06
3.45231e+06
3.45521e+06
3.46302e+06
3.46884e+06
3.47519e+06
3.48041e+06
3.48539e+06
3.48749e+06
3.4917e+06
3.49488e+06
3.49821e+06
3.50065e+06
3.50385e+06
3.50658e+06
3.50662e+06
3.51051e+06
3.50911e+06
3.51183e+06
3.512e+06
3.51554e+06
3.51774e+06
3.51722e+06
3.5166e+06
5.93228e+06
4.57032e+06
3.78801e+06
3.32549e+06
3.04823e+06
2.87837e+06
2.77727e+06
2.71831e+06
2.68711e+06
2.67206e+06
2.66262e+06
2.6653e+06
2.67342e+06
2.68332e+06
2.69667e+06
2.70916e+06
2.71939e+06
2.73093e+06
2.74275e+06
2.75489e+06
2.76357e+06
2.77446e+06
2.78125e+06
2.79065e+06
2.79686e+06
2.80431e+06
2.81035e+06
2.81633e+06
2.82271e+06
2.8267e+06
6.33345e+06
5.0677e+06
4.27154e+06
3.7544e+06
3.41378e+06
3.17924e+06
3.02125e+06
2.90974e+06
2.83223e+06
2.7783e+06
2.73592e+06
2.71086e+06
2.69222e+06
2.68006e+06
2.6723e+06
2.66828e+06
2.66472e+06
2.66578e+06
2.66402e+06
2.66557e+06
2.66509e+06
2.66642e+06
2.66926e+06
2.67144e+06
2.67387e+06
2.67572e+06
2.67672e+06
2.68044e+06
2.67957e+06
2.68169e+06
2.68306e+06
2.68418e+06
2.68576e+06
2.6888e+06
2.68778e+06
2.68866e+06
2.6895e+06
2.69202e+06
2.69199e+06
2.69269e+06
2.69268e+06
2.69308e+06
2.69462e+06
2.69405e+06
2.69543e+06
2.69573e+06
2.69585e+06
2.69605e+06
2.69632e+06
2.6967e+06
2.69701e+06
2.69698e+06
2.69668e+06
2.69683e+06
2.69732e+06
2.69754e+06
2.69733e+06
2.6967e+06
2.70031e+06
2.6986e+06
2.69871e+06
2.69763e+06
2.69796e+06
2.69855e+06
2.69896e+06
2.69941e+06
2.69792e+06
2.69897e+06
2.69858e+06
2.69747e+06
2.69877e+06
2.698e+06
2.69857e+06
2.69809e+06
2.69928e+06
2.69935e+06
2.69906e+06
2.69778e+06
2.69912e+06
2.69927e+06
2.69849e+06
2.69809e+06
2.69848e+06
2.69864e+06
2.69849e+06
2.69881e+06
2.70003e+06
2.69971e+06
2.6988e+06
2.69881e+06
2.69853e+06
2.69887e+06
2.69995e+06
2.69827e+06
2.69894e+06
2.69919e+06
2.69804e+06
2.69833e+06
2.69994e+06
2.69868e+06
2.69915e+06
2.69896e+06
2.69827e+06
2.69839e+06
2.69791e+06
2.69919e+06
2.69875e+06
2.69931e+06
2.69964e+06
2.69929e+06
2.6986e+06
2.70014e+06
2.69893e+06
2.699e+06
2.70035e+06
2.69884e+06
2.69915e+06
2.69837e+06
2.69828e+06
2.69724e+06
2.69911e+06
2.7002e+06
2.69807e+06
2.69988e+06
2.6972e+06
2.69809e+06
2.7002e+06
2.69793e+06
2.69866e+06
2.69958e+06
2.69722e+06
2.69841e+06
2.69911e+06
2.69833e+06
2.69908e+06
2.69751e+06
2.69911e+06
2.70076e+06
2.69946e+06
2.69995e+06
6.45465e+06
5.22209e+06
4.42655e+06
3.90127e+06
3.54098e+06
3.29118e+06
3.11933e+06
2.99327e+06
2.90468e+06
2.83818e+06
2.78757e+06
2.75254e+06
2.72656e+06
2.70756e+06
2.69488e+06
2.68524e+06
2.67807e+06
2.67323e+06
2.66989e+06
2.66751e+06
2.66462e+06
2.66505e+06
2.66377e+06
2.66409e+06
2.66521e+06
2.66596e+06
2.66593e+06
2.6655e+06
2.66629e+06
2.66767e+06
2.66844e+06
2.66773e+06
2.66957e+06
2.67053e+06
2.67003e+06
2.67066e+06
2.66947e+06
2.67208e+06
2.67134e+06
2.67256e+06
2.67181e+06
2.67317e+06
2.67247e+06
2.67215e+06
2.67424e+06
2.67435e+06
2.67333e+06
2.67481e+06
2.6747e+06
2.67529e+06
2.67541e+06
2.67414e+06
2.67508e+06
2.6764e+06
2.67335e+06
2.67554e+06
2.67547e+06
2.67456e+06
2.67544e+06
2.67465e+06
2.67555e+06
2.67552e+06
2.67461e+06
2.67559e+06
2.67576e+06
2.67492e+06
2.67609e+06
2.67592e+06
2.67534e+06
2.67575e+06
2.67616e+06
2.6752e+06
2.67585e+06
2.67665e+06
2.67497e+06
2.67626e+06
2.6758e+06
2.67542e+06
2.67564e+06
2.6749e+06
2.67624e+06
2.67528e+06
2.67615e+06
2.67614e+06
2.67631e+06
2.67533e+06
2.67553e+06
2.67484e+06
2.67538e+06
2.67626e+06
2.67607e+06
2.67644e+06
2.67513e+06
2.67619e+06
2.67664e+06
2.67476e+06
2.67489e+06
2.67614e+06
2.67545e+06
2.67597e+06
2.67554e+06
2.67539e+06
2.67569e+06
2.67579e+06
2.6756e+06
2.67624e+06
2.67613e+06
2.67584e+06
2.67511e+06
2.67642e+06
2.67591e+06
2.67464e+06
2.67608e+06
2.67593e+06
2.67513e+06
2.67524e+06
2.67711e+06
2.67627e+06
2.67571e+06
2.67575e+06
2.67586e+06
2.67504e+06
2.67639e+06
2.67616e+06
2.67663e+06
2.67516e+06
2.67565e+06
2.67488e+06
2.67656e+06
2.67546e+06
2.67556e+06
2.67619e+06
2.67611e+06
2.67639e+06
2.67641e+06
2.67473e+06
2.67538e+06
2.67598e+06
2.67503e+06
2.67602e+06
2.67613e+06
2.6758e+06
2.67536e+06
2.67594e+06
690806
569296
488277
434519
397148
370740
351435
337807
327491
319576
313462
309771
305984
303948
301600
300231
299098
298388
297689
297445
296223
296604
296449
296112
295851
295662
295566
295779
295413
295205
295336
295387
295618
295423
295760
295476
295557
295381
295255
295278
295242
295367
295340
295600
295472
295561
295245
295644
295686
295686
295389
295697
295624
295549
295410
295712
295230
295510
295593
295446
295230
295588
295421
295821
295421
295275
295433
295934
295549
295630
295632
295739
295334
295477
295448
295283
295774
295612
295523
295530
295604
295245
295334
295604
295348
295608
295788
295624
295585
295633
295415
295589
295625
295660
295724
295360
295436
295491
295633
295446
295161
295526
295849
295690
295459
295475
295643
295761
295378
295438
295510
295906
295693
295581
295681
295660
295219
295382
295411
295340
295584
295689
295560
295548
295386
295463
295950
295416
295159
295627
295546
295599
295458
295553
295662
295529
295422
295580
311688
209277
208705
200201
199968
199951
199848
200944
200784
201758
201749
202904
202983
203966
203840
204942
204890
205681
205581
206403
206472
207292
207467
208231
207950
208898
208911
209613
209363
210376
210372
211067
211077
211792
211674
212368
212293
212878
213039
213621
213529
214074
214181
214770
214866
215431
215520
216056
215906
216562
216585
217178
217171
217866
217653
218385
218329
218808
218944
219565
219467
220070
220087
220657
220515
221242
221063
221740
221778
317411
253328
252588
228264
228218
215866
216456
209347
208922
205176
204807
202062
202138
200166
200236
198880
198574
197714
197664
197053
196904
196336
196387
196161
196035
195647
195533
197859
191914
191825
191191
191044
190508
190510
190154
190085
189637
189658
189238
189077
188807
188619
188251
188400
187848
188078
187896
187665
187189
187215
187008
186925
186590
186698
186169
186316
186010
185801
185651
185710
185318
185352
184948
185025
184758
190961
175623
175064
166395
166102
159294
159148
153743
153558
149221
149158
145318
145292
141976
142039
139413
139218
136871
136771
134668
134887
132814
132795
130877
130869
129633
129478
128009
128084
126772
126694
125699
125763
124564
124413
123689
123556
122826
122762
122081
121830
121283
121097
120579
120577
119960
119935
119300
119212
118682
118683
118161
118245
117817
117732
117266
117137
116862
116773
116443
116611
115954
116112
115726
115914
115347
115376
115112
115085
114819
114713
114423
114431
114260
114181
114113
113803
113745
113648
113526
113498
113271
113443
112932
113138
113002
112824
112721
112647
112479
112514
112385
112422
112216
112226
112082
112023
111836
111816
111682
111748
111415
111533
111646
111477
111403
111305
111253
111115
110996
111193
111027
111032
110861
110802
110739
110923
110731
110612
110560
110655
110460
110414
110530
110573
110360
133951
127015
126227
125743
125377
125004
124863
124754
124400
124570
124210
124154
124139
123957
124020
123894
123847
123833
123754
133795
125253
124379
123220
122715
122595
122349
122541
122347
122539
122238
122697
122435
122875
122451
122644
122603
122955
122656
123171
122938
123208
122914
123134
122908
123222
123011
123356
123190
123457
123100
123407
123236
123440
123451
123679
123537
123716
123274
123598
123517
123749
123690
123928
123671
123773
123706
134095
130954
130527
132735
132443
134386
133926
135261
134810
135871
135451
136152
135505
136310
135942
136338
135948
136438
135980
136321
135915
136182
135979
136198
135928
136077
135597
135907
135531
135762
135497
135694
135245
135588
135177
135366
135038
135271
134902
135215
134792
135032
134719
134865
134454
134768
134374
134686
134227
134671
134123
134360
134039
134279
133928
134053
133893
134221
133764
134023
133757
134030
133789
133902
133592
133762
133392
133663
133446
133711
133360
133617
133266
133623
133033
133343
132986
133399
133125
133362
132997
133301
132928
133113
132789
133128
132751
132942
132676
133087
132691
132979
132587
133048
132557
132893
132544
132860
132388
132678
132411
132718
132369
132683
132421
132680
132349
132677
132238
132632
132341
132545
132232
132350
132328
132423
132228
132531
132209
132362
132226
132491
132174
132433
131906
132203
132011
132176
132036
132195
131960
132201
131844
132350
132004
132133
131830
132197
131938
132277
131842
132178
131881
132229
131821
132098
131805
132051
131853
131932
131719
132037
131690
132051
131750
132002
131786
131978
131697
131837
131660
131864
131655
131909
131738
131866
131665
131965
131592
131824
131495
131968
131545
131696
131487
131914
131527
131792
131741
131701
131606
131855
131565
131752
131453
131734
131495
131758
131456
131728
131447
131746
131478
131653
131205
131742
131449
131717
131538
131763
