1.31057e+07
2.96928e+06
-3.02384e+06
-6.74834e+06
-7.71362e+06
-4.6397e+06
2.37624e+06
9.16353e+06
1.51532e+07
2.12729e+07
2.76938e+07
3.42454e+07
4.08917e+07
4.75768e+07
5.42757e+07
6.10111e+07
6.77819e+07
7.45764e+07
8.1367e+07
8.81541e+07
9.49657e+07
1.01786e+08
1.08614e+08
1.15461e+08
1.22325e+08
1.29202e+08
1.36081e+08
1.4297e+08
1.49871e+08
1.56754e+08
1.63649e+08
1.70546e+08
1.77447e+08
1.84351e+08
1.91261e+08
1.98184e+08
2.05121e+08
2.12069e+08
2.19029e+08
2.26e+08
2.32981e+08
2.39982e+08
2.47034e+08
2.54282e+08
2.62065e+08
2.70858e+08
2.80549e+08
2.90495e+08
3.0045e+08
3.10561e+08
3.20958e+08
3.32098e+08
3.43122e+08
3.53745e+08
3.65383e+08
3.76123e+08
3.877e+08
3.99254e+08
4.11652e+08
4.24363e+08
4.37845e+08
4.50951e+08
4.62142e+08
4.73989e+08
4.8652e+08
4.96788e+08
5.08224e+08
5.19213e+08
5.29427e+08
5.40903e+08
5.5281e+08
5.64524e+08
5.72587e+08
5.84052e+08
5.92696e+08
6.01812e+08
6.12115e+08
6.18609e+08
6.29767e+08
6.40256e+08
6.46795e+08
6.52461e+08
6.59937e+08
6.6411e+08
6.73612e+08
6.81299e+08
6.86205e+08
6.91299e+08
7.04985e+08
7.0215e+08
7.03827e+08
7.10431e+08
7.1662e+08
7.16103e+08
