310654
230535
208967
194057
182646
174077
167811
163114
159460
156556
154209
152273
150651
149269
148075
147028
146098
145263
144508
143823
143204
142645
142139
141677
141252
140857
140486
140134
139797
139472
139157
138851
138552
138259
137972
137692
137417
137149
136889
136637
136392
136156
135926
135702
135482
135267
135056
134852
134657
134473
134301
134141
133992
133851
133716
133585
133457
133332
133210
133090
132972
132857
132744
132635
132529
132429
132335
132248
132170
132101
132041
131988
131942
131901
131863
131828
131795
131764
131733
131704
131676
131648
131622
131595
131569
131544
131519
131494
131470
131445
131421
131398
131374
131350
131327
131303
131280
131257
131234
131212
