1.35523e+08
-3.34385e+07
-1.11922e+08
-1.74476e+08
-1.69972e+08
1.15381e+231
nan
nan
9.66453e+06
9.66314e+06
9.66384e+06
9.66741e+06
9.66423e+06
9.66126e+06
9.66422e+06
9.66321e+06
9.66342e+06
9.66118e+06
9.66526e+06
9.66532e+06
9.66406e+06
9.66499e+06
9.66273e+06
9.66545e+06
9.66719e+06
9.65713e+06
9.66071e+06
9.66096e+06
9.66556e+06
9.6676e+06
9.66627e+06
9.66129e+06
9.66453e+06
9.6668e+06
9.66099e+06
9.66091e+06
9.66509e+06
9.65471e+06
9.66236e+06
9.66663e+06
9.65933e+06
9.66116e+06
9.66119e+06
9.66468e+06
9.66067e+06
9.66312e+06
9.66462e+06
9.67001e+06
9.65929e+06
9.66145e+06
9.66056e+06
9.65924e+06
9.66914e+06
9.66749e+06
9.67134e+06
9.66283e+06
9.66232e+06
9.66007e+06
9.66109e+06
9.66307e+06
9.6566e+06
9.66291e+06
9.66402e+06
9.66502e+06
9.66818e+06
9.66397e+06
9.66392e+06
9.66944e+06
9.66743e+06
9.67054e+06
9.66394e+06
9.66991e+06
9.6724e+06
9.66725e+06
9.66271e+06
9.66468e+06
9.67033e+06
9.66213e+06
9.66377e+06
9.66543e+06
9.66662e+06
9.66843e+06
9.66182e+06
2.23911e+07
2.24042e+07
2.24026e+07
2.24441e+07
2.24756e+07
2.2502e+07
2.25372e+07
2.25764e+07
2.25981e+07
2.26294e+07
2.24904e+07
2.24963e+07
2.24916e+07
2.24982e+07
2.25045e+07
2.25093e+07
2.25067e+07
2.24819e+07
2.24989e+07
2.24804e+07
2.24929e+07
2.24956e+07
2.24989e+07
2.24969e+07
2.25003e+07
2.24825e+07
2.24967e+07
2.25028e+07
2.23991e+07
2.24008e+07
2.24164e+07
2.24375e+07
2.24683e+07
2.25046e+07
2.25267e+07
2.25707e+07
2.25989e+07
2.26146e+07
2.24928e+07
2.24917e+07
2.25037e+07
2.24903e+07
2.24882e+07
2.24914e+07
2.24983e+07
2.24942e+07
2.24959e+07
2.24884e+07
2.24847e+07
2.24921e+07
2.24888e+07
2.25014e+07
2.24892e+07
2.2492e+07
2.2501e+07
2.2492e+07
2.2497e+07
2.24966e+07
2.24862e+07
2.25053e+07
2.24896e+07
2.24877e+07
2.25127e+07
2.25046e+07
2.24828e+07
2.24878e+07
2.24822e+07
2.2496e+07
2.24941e+07
2.24963e+07
2.25e+07
2.24886e+07
2.24971e+07
2.24861e+07
2.24835e+07
2.24937e+07
2.25032e+07
2.24923e+07
2.24838e+07
2.25027e+07
2.24952e+07
2.24977e+07
2.24918e+07
2.24918e+07
2.24913e+07
2.24854e+07
2.24955e+07
2.24998e+07
2.24937e+07
2.25089e+07
2.24934e+07
2.24944e+07
2.24848e+07
2.24924e+07
2.24889e+07
2.24947e+07
2.25023e+07
2.24814e+07
2.24924e+07
2.25052e+07
2.24951e+07
2.24948e+07
2.24914e+07
2.24915e+07
2.24921e+07
2.24841e+07
2.24883e+07
2.25001e+07
2.24981e+07
2.24921e+07
2.24777e+07
2.24884e+07
2.25068e+07
2.25106e+07
2.24944e+07
2.24853e+07
2.24998e+07
2.24817e+07
2.24995e+07
2.24916e+07
2.24928e+07
2.2489e+07
2.24916e+07
2.24991e+07
2.24863e+07
2.25052e+07
2.24867e+07
2.24931e+07
2.24864e+07
2.24844e+07
2.25121e+07
2.24895e+07
2.24911e+07
2.24902e+07
2.25024e+07
2.24926e+07
2.24944e+07
2.24918e+07
2.2497e+07
2.24859e+07
2.24928e+07
2.24929e+07
2.24925e+07
2.25002e+07
2.24967e+07
2.24827e+07
2.24934e+07
2.25008e+07
2.24954e+07
5.35163e+290
nan
3.83127e+287
nan
1.03942e+09
4.98927e+285
nan
3.63188e+07
6.1533e+07
1.14968e+08
3.04045e+07
3.03058e+07
3.03466e+07
3.04886e+07
3.07138e+07
3.09892e+07
3.12977e+07
3.16403e+07
3.19742e+07
3.23293e+07
3.26746e+07
3.30063e+07
3.33183e+07
3.36341e+07
3.39114e+07
3.41951e+07
3.44507e+07
3.46902e+07
3.49016e+07
3.51175e+07
3.53063e+07
3.54808e+07
3.56461e+07
3.57783e+07
3.59206e+07
3.60285e+07
3.04155e+07
3.0319e+07
3.03065e+07
3.03248e+07
3.03497e+07
3.03776e+07
3.03922e+07
3.04107e+07
3.04239e+07
3.0435e+07
3.04384e+07
3.04417e+07
3.04478e+07
3.04522e+07
3.04488e+07
3.04563e+07
3.04504e+07
3.04551e+07
3.0455e+07
3.04552e+07
3.04552e+07
3.04551e+07
3.04603e+07
3.04542e+07
3.04525e+07
3.04529e+07
3.04525e+07
3.04575e+07
3.04526e+07
3.04576e+07
3.04547e+07
3.04527e+07
3.04565e+07
3.04551e+07
3.04522e+07
3.04576e+07
3.04583e+07
3.04565e+07
3.04547e+07
3.04535e+07
3.04534e+07
3.04544e+07
3.04533e+07
3.04561e+07
3.0453e+07
3.04574e+07
3.04606e+07
3.04544e+07
3.04573e+07
3.0452e+07
3.04519e+07
3.04554e+07
3.04551e+07
3.04551e+07
3.0453e+07
3.04555e+07
3.04573e+07
3.04542e+07
3.04575e+07
3.04568e+07
3.04552e+07
3.04574e+07
3.0457e+07
3.04545e+07
3.0457e+07
3.04554e+07
3.04537e+07
3.04551e+07
3.04506e+07
3.04561e+07
3.04529e+07
3.04526e+07
3.04563e+07
3.04575e+07
3.04553e+07
3.04589e+07
3.04561e+07
3.04562e+07
3.04547e+07
3.04512e+07
3.0454e+07
3.04576e+07
3.04505e+07
3.04532e+07
3.04609e+07
3.04546e+07
3.04536e+07
3.04547e+07
3.04586e+07
3.04541e+07
3.04553e+07
3.04507e+07
3.04606e+07
3.04546e+07
3.04546e+07
3.04579e+07
3.04559e+07
3.04534e+07
3.04555e+07
3.04532e+07
3.04552e+07
3.0452e+07
3.04575e+07
3.04575e+07
3.04571e+07
3.04543e+07
3.0455e+07
3.04568e+07
3.045e+07
3.04564e+07
3.62602e+07
5.34823e+07
7.5344e+07
9.81073e+07
1.19326e+08
1.37646e+08
3.0341e+07
3.03041e+07
3.03904e+07
3.04983e+07
3.03584e+07
3.02848e+07
3.03136e+07
3.03762e+07
3.0438e+07
3.04922e+07
3.05325e+07
3.05685e+07
3.05914e+07
3.06061e+07
3.06219e+07
3.0629e+07
3.06292e+07
3.06349e+07
3.06344e+07
3.06426e+07
3.06506e+07
3.0646e+07
3.06496e+07
3.06475e+07
3.06501e+07
3.06461e+07
3.06503e+07
3.06472e+07
3.06422e+07
3.06439e+07
4.09769e+06
3.91655e+06
3.90631e+06
3.91648e+06
3.92806e+06
3.93881e+06
3.94968e+06
3.95804e+06
3.965e+06
3.97338e+06
3.97021e+06
3.9758e+06
3.9815e+06
3.98786e+06
3.99154e+06
3.99546e+06
3.9983e+06
4.00086e+06
4.00457e+06
4.00698e+06
4.00696e+06
4.00814e+06
4.01071e+06
4.01196e+06
4.01288e+06
4.01427e+06
4.01504e+06
4.01543e+06
4.01745e+06
4.01814e+06
3.93375e+06
4.13264e+06
4.3519e+06
4.54535e+06
4.70309e+06
4.83145e+06
4.93649e+06
5.02276e+06
5.09451e+06
5.156e+06
5.16105e+06
5.20896e+06
5.24888e+06
5.2848e+06
5.31684e+06
5.34357e+06
5.36735e+06
5.38947e+06
5.40813e+06
5.42487e+06
5.419e+06
5.43187e+06
3.91783e+06
3.89559e+06
3.91837e+06
3.94342e+06
3.96346e+06
3.98112e+06
3.99727e+06
4.01036e+06
4.02415e+06
4.0332e+06
4.03223e+06
4.04101e+06
4.05008e+06
4.05584e+06
4.06358e+06
4.06913e+06
4.07422e+06
4.07875e+06
4.08268e+06
4.08658e+06
2.86624e+06
2.92567e+06
2.96001e+06
2.98398e+06
3.00102e+06
3.01489e+06
3.02551e+06
3.03407e+06
3.04167e+06
3.04754e+06
3.05256e+06
3.0572e+06
3.06089e+06
3.06438e+06
3.06715e+06
3.06985e+06
3.07197e+06
3.07432e+06
3.07564e+06
3.07721e+06
3.07853e+06
3.07989e+06
3.08107e+06
3.0823e+06
3.08279e+06
3.08343e+06
3.08412e+06
3.08505e+06
3.0856e+06
3.08598e+06
3.08667e+06
3.08678e+06
3.08693e+06
3.08766e+06
3.08781e+06
3.0878e+06
3.08817e+06
3.08828e+06
3.08889e+06
3.08885e+06
3.08896e+06
3.08907e+06
3.08902e+06
3.08926e+06
3.0895e+06
3.08965e+06
3.08938e+06
3.08968e+06
3.08996e+06
3.08986e+06
3.08971e+06
3.09017e+06
3.09009e+06
3.08997e+06
3.08984e+06
3.08976e+06
3.08977e+06
3.09015e+06
3.09017e+06
3.09042e+06
3.09044e+06
3.09017e+06
3.09002e+06
3.09025e+06
3.07863e+06
3.14746e+06
3.18573e+06
3.21103e+06
3.22998e+06
3.2447e+06
3.25638e+06
3.26566e+06
3.27357e+06
3.2799e+06
3.28531e+06
3.28962e+06
3.29313e+06
3.29682e+06
3.30007e+06
3.30257e+06
3.30485e+06
3.30695e+06
3.30902e+06
3.31021e+06
3.31128e+06
3.313e+06
3.31405e+06
3.31503e+06
3.31569e+06
3.31678e+06
3.31742e+06
3.31838e+06
3.3187e+06
3.31904e+06
3.31955e+06
3.32004e+06
3.32026e+06
3.3207e+06
3.32097e+06
3.32129e+06
3.32136e+06
3.3216e+06
3.3217e+06
3.32185e+06
3.322e+06
3.32216e+06
3.32202e+06
3.3226e+06
3.32264e+06
3.32263e+06
3.3227e+06
3.32306e+06
3.32317e+06
3.32315e+06
3.323e+06
3.32306e+06
3.32336e+06
3.32325e+06
3.32287e+06
3.32329e+06
3.32349e+06
3.32303e+06
3.32338e+06
3.32319e+06
3.32301e+06
3.32361e+06
3.32333e+06
3.32339e+06
3.32367e+06
3.32302e+06
3.32356e+06
3.3232e+06
3.32353e+06
3.3236e+06
3.32311e+06
3.32344e+06
3.32357e+06
3.32353e+06
3.32353e+06
3.32355e+06
3.3235e+06
3.32335e+06
3.32339e+06
3.32367e+06
3.32346e+06
3.32359e+06
2.6812e+06
2.70516e+06
2.73068e+06
2.75237e+06
2.77019e+06
2.78451e+06
2.7965e+06
2.8059e+06
2.81394e+06
2.82043e+06
2.82028e+06
2.82558e+06
2.83004e+06
2.83443e+06
2.83776e+06
2.84063e+06
2.8437e+06
2.8459e+06
2.84803e+06
2.84956e+06
2.84892e+06
2.85056e+06
2.85162e+06
2.85271e+06
2.85395e+06
4.0972e+06
3.91703e+06
3.9078e+06
3.91655e+06
3.92858e+06
3.9396e+06
3.9488e+06
3.95865e+06
3.96602e+06
3.97263e+06
3.97017e+06
3.97644e+06
3.98124e+06
3.98644e+06
3.9912e+06
3.99632e+06
3.99823e+06
4.00144e+06
4.00435e+06
4.00694e+06
4.00601e+06
4.00783e+06
4.01074e+06
4.01168e+06
4.01311e+06
4.01388e+06
4.01496e+06
4.01681e+06
4.01684e+06
4.01835e+06
4.01803e+06
4.01899e+06
4.0191e+06
4.0195e+06
4.0201e+06
4.02128e+06
4.02137e+06
4.02159e+06
4.02262e+06
4.02195e+06
4.02227e+06
4.02221e+06
4.02268e+06
4.02234e+06
4.02277e+06
4.02385e+06
4.0234e+06
4.02377e+06
4.02418e+06
4.02281e+06
4.0244e+06
4.02357e+06
4.02374e+06
4.02385e+06
4.02307e+06
4.02321e+06
4.02477e+06
4.0246e+06
4.024e+06
4.02402e+06
4.02443e+06
4.02418e+06
4.02381e+06
4.02427e+06
4.0243e+06
4.02438e+06
4.02396e+06
4.02437e+06
4.02451e+06
4.02416e+06
4.02317e+06
4.02419e+06
4.02436e+06
4.02465e+06
4.02358e+06
4.02457e+06
4.02538e+06
4.02428e+06
4.02469e+06
4.02458e+06
4.02394e+06
4.0245e+06
4.0248e+06
4.02472e+06
4.02404e+06
4.0243e+06
4.02418e+06
4.02452e+06
4.02452e+06
4.02432e+06
4.02388e+06
4.02475e+06
4.02519e+06
4.02446e+06
4.02422e+06
4.02444e+06
4.02517e+06
4.0238e+06
4.02382e+06
4.02424e+06
4.02457e+06
4.02377e+06
4.02426e+06
4.02518e+06
4.02414e+06
4.0239e+06
4.02495e+06
4.02465e+06
4.02459e+06
4.024e+06
4.02419e+06
4.02433e+06
4.02444e+06
4.02418e+06
4.02459e+06
4.02441e+06
4.02458e+06
4.02462e+06
4.02436e+06
4.02432e+06
4.02539e+06
4.02439e+06
4.02456e+06
4.02464e+06
4.02526e+06
4.0241e+06
4.02368e+06
4.02441e+06
4.02416e+06
4.02344e+06
4.02434e+06
4.02457e+06
4.02486e+06
4.02434e+06
4.02481e+06
4.02367e+06
4.02459e+06
4.02529e+06
4.02272e+06
4.02484e+06
4.02398e+06
4.02318e+06
4.02497e+06
4.02473e+06
4.02489e+06
4.02357e+06
4.02529e+06
4.02491e+06
4.02386e+06
4.02465e+06
4.02432e+06
4.02536e+06
4.02469e+06
4.02505e+06
4.02376e+06
4.02346e+06
4.02406e+06
4.02503e+06
4.02359e+06
4.0247e+06
4.02432e+06
4.02415e+06
4.02478e+06
4.02369e+06
4.02423e+06
4.02417e+06
4.025e+06
4.0252e+06
4.02463e+06
4.02387e+06
4.02421e+06
4.02422e+06
4.0248e+06
4.02397e+06
4.02446e+06
4.02587e+06
4.02406e+06
4.02439e+06
4.02403e+06
4.02404e+06
4.02438e+06
4.02533e+06
4.02427e+06
4.02364e+06
4.0238e+06
4.02463e+06
4.0234e+06
4.02562e+06
4.02449e+06
4.02448e+06
4.02517e+06
4.02419e+06
4.02525e+06
4.02347e+06
4.02356e+06
4.02458e+06
4.02416e+06
4.02416e+06
4.02412e+06
4.02537e+06
4.02381e+06
4.02515e+06
4.02445e+06
4.02471e+06
4.02442e+06
4.02415e+06
4.02449e+06
4.02406e+06
4.02489e+06
4.02391e+06
4.0241e+06
4.02409e+06
4.02489e+06
4.02422e+06
4.02422e+06
4.02467e+06
4.02433e+06
4.02429e+06
4.02505e+06
4.02417e+06
4.0241e+06
4.0242e+06
4.02526e+06
4.02355e+06
4.02475e+06
4.02406e+06
4.02464e+06
4.02466e+06
4.0249e+06
4.02392e+06
4.02424e+06
4.02486e+06
4.02521e+06
4.02452e+06
4.02516e+06
4.02451e+06
4.0236e+06
4.02402e+06
4.0238e+06
4.02413e+06
4.02438e+06
4.02421e+06
4.02487e+06
4.02377e+06
4.02493e+06
4.02349e+06
4.02506e+06
4.02407e+06
4.02381e+06
4.02545e+06
4.0235e+06
4.02442e+06
4.02419e+06
4.02358e+06
4.02424e+06
4.02463e+06
4.02478e+06
4.02584e+06
4.02459e+06
4.02427e+06
4.02371e+06
4.02547e+06
4.02407e+06
4.02486e+06
4.02465e+06
4.02383e+06
4.02463e+06
4.02366e+06
4.0245e+06
4.02465e+06
4.0244e+06
4.02457e+06
4.02534e+06
4.02428e+06
4.0237e+06
4.02427e+06
4.02392e+06
4.0246e+06
4.02459e+06
4.02435e+06
4.02477e+06
4.02489e+06
4.02367e+06
4.02436e+06
4.02468e+06
4.02471e+06
4.02408e+06
4.02415e+06
4.02437e+06
4.02436e+06
4.02438e+06
4.02436e+06
4.02477e+06
4.02476e+06
4.02384e+06
4.02376e+06
4.02411e+06
4.02444e+06
4.02543e+06
4.02418e+06
4.02444e+06
4.02507e+06
4.02449e+06
4.0245e+06
4.02374e+06
4.02496e+06
4.02328e+06
4.025e+06
4.02372e+06
4.02484e+06
4.02479e+06
4.02482e+06
4.02443e+06
4.02486e+06
4.0252e+06
4.02424e+06
4.02368e+06
4.02489e+06
4.02399e+06
4.02314e+06
4.02362e+06
4.02474e+06
4.02461e+06
4.02404e+06
4.02468e+06
4.02382e+06
4.02504e+06
3.93241e+06
4.13364e+06
4.35161e+06
4.54303e+06
4.70034e+06
4.82852e+06
4.93214e+06
5.01891e+06
5.09059e+06
5.15069e+06
5.15825e+06
5.20504e+06
5.24567e+06
5.28187e+06
5.31271e+06
5.33988e+06
5.36528e+06
5.38594e+06
5.40351e+06
5.42046e+06
5.41495e+06
5.42821e+06
5.44088e+06
5.45125e+06
5.46119e+06
5.46897e+06
5.47652e+06
5.48284e+06
5.48911e+06
5.49466e+06
5.49248e+06
5.49681e+06
5.50017e+06
5.50381e+06
5.50787e+06
5.51027e+06
5.5128e+06
5.5152e+06
5.51774e+06
5.51823e+06
5.51862e+06
5.52032e+06
5.52074e+06
5.52217e+06
5.5233e+06
5.52435e+06
5.52447e+06
5.52549e+06
5.52654e+06
5.52653e+06
5.52652e+06
5.52783e+06
5.52801e+06
5.52826e+06
5.5282e+06
5.52944e+06
5.52959e+06
5.52952e+06
5.5298e+06
5.52951e+06
5.52935e+06
5.53006e+06
5.53011e+06
5.53081e+06
5.53047e+06
5.53081e+06
5.53097e+06
5.53112e+06
5.53067e+06
5.53112e+06
5.53045e+06
5.53139e+06
5.53173e+06
5.53112e+06
5.53109e+06
5.53106e+06
5.53102e+06
5.53178e+06
5.53056e+06
5.53185e+06
5.53159e+06
5.53042e+06
5.53069e+06
5.53189e+06
5.53196e+06
5.53152e+06
5.53203e+06
5.53187e+06
5.53135e+06
5.53102e+06
5.53163e+06
5.53142e+06
5.53137e+06
5.5311e+06
5.53132e+06
5.53149e+06
5.5317e+06
5.53168e+06
5.53146e+06
5.53196e+06
5.53205e+06
5.53134e+06
5.53177e+06
5.5306e+06
5.53214e+06
5.5312e+06
5.53179e+06
5.53168e+06
5.53117e+06
5.53166e+06
5.53174e+06
5.53136e+06
5.53108e+06
5.53157e+06
5.53196e+06
5.53108e+06
5.53137e+06
5.53204e+06
5.53186e+06
5.53145e+06
5.53178e+06
5.53181e+06
5.53096e+06
5.53143e+06
5.5302e+06
5.53205e+06
5.53194e+06
5.53247e+06
5.53171e+06
5.53117e+06
5.53123e+06
5.53186e+06
5.53165e+06
5.53157e+06
5.53143e+06
5.53078e+06
5.53122e+06
5.53237e+06
5.53129e+06
5.53214e+06
5.5315e+06
5.53128e+06
5.53084e+06
5.5319e+06
5.53185e+06
5.53157e+06
5.53148e+06
5.53119e+06
5.53156e+06
5.53237e+06
5.53233e+06
5.53195e+06
5.53138e+06
5.53167e+06
5.53151e+06
5.53161e+06
5.53124e+06
5.5311e+06
5.531e+06
5.53177e+06
5.53195e+06
5.53164e+06
5.5314e+06
5.53142e+06
5.53111e+06
5.53118e+06
5.53189e+06
5.53135e+06
5.53188e+06
5.53172e+06
5.53213e+06
5.53204e+06
5.53108e+06
5.53164e+06
5.53177e+06
5.53168e+06
5.53163e+06
5.531e+06
5.53134e+06
5.53123e+06
5.5316e+06
5.53149e+06
5.53134e+06
5.53112e+06
5.53139e+06
5.53157e+06
5.53246e+06
5.53093e+06
5.53178e+06
5.53186e+06
5.53167e+06
5.53198e+06
5.53219e+06
5.53082e+06
5.53174e+06
5.53125e+06
5.53196e+06
5.53137e+06
5.53101e+06
5.53156e+06
5.53198e+06
5.53114e+06
5.53121e+06
3.9334e+06
4.13495e+06
4.35562e+06
4.54746e+06
4.70517e+06
4.83397e+06
4.93851e+06
5.02469e+06
5.09772e+06
5.15904e+06
5.16494e+06
5.21238e+06
5.25399e+06
5.28932e+06
5.32009e+06
5.3479e+06
5.37209e+06
5.39264e+06
5.41049e+06
5.42828e+06
5.42259e+06
5.43634e+06
5.44743e+06
5.45884e+06
5.46834e+06
5.47559e+06
5.48373e+06
5.49012e+06
5.49658e+06
5.50103e+06
5.49984e+06
5.50316e+06
5.50834e+06
5.51134e+06
5.51473e+06
5.51639e+06
5.51969e+06
5.52146e+06
5.52401e+06
5.52671e+06
5.52485e+06
5.5266e+06
5.52757e+06
5.52965e+06
5.52989e+06
5.53186e+06
5.53218e+06
5.53275e+06
5.53327e+06
5.53362e+06
5.53393e+06
5.53427e+06
5.53493e+06
5.53531e+06
5.53564e+06
5.5356e+06
5.53596e+06
5.53661e+06
5.53702e+06
5.5369e+06
5.53716e+06
5.53687e+06
5.53664e+06
5.53752e+06
5.53811e+06
5.53779e+06
5.53701e+06
5.53728e+06
5.538e+06
5.5385e+06
5.53718e+06
5.5383e+06
5.53775e+06
5.53735e+06
5.53849e+06
5.53903e+06
5.53756e+06
5.53836e+06
5.53887e+06
5.5385e+06
5.53861e+06
5.53808e+06
5.53837e+06
5.53819e+06
5.53859e+06
5.53767e+06
5.5387e+06
5.53804e+06
5.53804e+06
5.53939e+06
5.5386e+06
5.53845e+06
5.53749e+06
5.53879e+06
5.53834e+06
5.53806e+06
5.53846e+06
5.53898e+06
5.5382e+06
5.53909e+06
5.53898e+06
5.53846e+06
5.53856e+06
5.53865e+06
5.53859e+06
5.53878e+06
5.53878e+06
5.53797e+06
5.53761e+06
5.53835e+06
5.53991e+06
5.53811e+06
5.53883e+06
5.53774e+06
5.53837e+06
5.53821e+06
5.53835e+06
5.53822e+06
5.53886e+06
5.53823e+06
5.53875e+06
5.53872e+06
5.53789e+06
5.53816e+06
5.53815e+06
5.53826e+06
5.53833e+06
5.53923e+06
5.53883e+06
5.53855e+06
5.5388e+06
5.53858e+06
5.53801e+06
5.53844e+06
5.53845e+06
5.53883e+06
5.53803e+06
5.53885e+06
5.53848e+06
5.53842e+06
5.53896e+06
5.53811e+06
5.53866e+06
5.53926e+06
5.53867e+06
5.53848e+06
5.5377e+06
5.53827e+06
5.53864e+06
5.53813e+06
5.53844e+06
5.53877e+06
5.53877e+06
5.53836e+06
5.53944e+06
5.53821e+06
5.53778e+06
5.53861e+06
5.53805e+06
5.53845e+06
5.53929e+06
5.53875e+06
5.53873e+06
5.53814e+06
5.53885e+06
5.53755e+06
5.53801e+06
5.53801e+06
5.53923e+06
5.53832e+06
5.53778e+06
5.53804e+06
5.53807e+06
5.53875e+06
5.53861e+06
5.53891e+06
5.53857e+06
5.53895e+06
5.53891e+06
5.5383e+06
5.53875e+06
5.53927e+06
5.53883e+06
5.53769e+06
5.53844e+06
5.53732e+06
5.53892e+06
5.53937e+06
5.53765e+06
5.53864e+06
5.53831e+06
5.53805e+06
5.53874e+06
5.53814e+06
5.53871e+06
5.53867e+06
5.53874e+06
5.53874e+06
5.53784e+06
5.53894e+06
5.53843e+06
5.53855e+06
5.53851e+06
5.53905e+06
5.53854e+06
5.53818e+06
5.53873e+06
5.53809e+06
5.53854e+06
5.53827e+06
5.53817e+06
5.53834e+06
5.53918e+06
5.53824e+06
5.53829e+06
5.53809e+06
5.5386e+06
5.53858e+06
5.53888e+06
5.53853e+06
5.53952e+06
5.53931e+06
5.53793e+06
5.53807e+06
5.53828e+06
5.53783e+06
5.53785e+06
5.53934e+06
5.53793e+06
5.53884e+06
5.53864e+06
5.53889e+06
5.53782e+06
5.53814e+06
5.53895e+06
5.53842e+06
5.53754e+06
5.53919e+06
5.53857e+06
5.53873e+06
5.53937e+06
5.53862e+06
5.53883e+06
5.53819e+06
5.53892e+06
5.53821e+06
5.53786e+06
5.53787e+06
5.53892e+06
5.53811e+06
5.53829e+06
5.5387e+06
5.53808e+06
5.53923e+06
5.53898e+06
5.53873e+06
5.53827e+06
5.53845e+06
5.53731e+06
5.53886e+06
5.53853e+06
5.53795e+06
5.53884e+06
5.53842e+06
5.53767e+06
5.53885e+06
5.53854e+06
5.53911e+06
5.53812e+06
5.53887e+06
5.53772e+06
5.53829e+06
5.53932e+06
5.53853e+06
5.53879e+06
5.53835e+06
5.53898e+06
5.53856e+06
5.53778e+06
5.53854e+06
5.53919e+06
5.53822e+06
5.53898e+06
5.53811e+06
5.53876e+06
5.538e+06
5.53873e+06
5.53817e+06
5.53864e+06
5.53809e+06
5.53878e+06
5.53884e+06
5.53897e+06
5.53833e+06
5.53821e+06
5.53758e+06
5.53917e+06
5.53851e+06
5.53807e+06
5.53844e+06
5.53869e+06
5.53856e+06
5.53839e+06
5.53862e+06
5.53864e+06
5.53892e+06
5.53849e+06
5.53862e+06
5.53787e+06
5.53809e+06
5.53829e+06
5.53871e+06
5.53882e+06
5.53799e+06
5.53859e+06
5.53786e+06
5.53844e+06
5.53822e+06
5.53902e+06
5.53895e+06
5.53855e+06
5.53848e+06
5.53892e+06
5.53876e+06
5.53869e+06
5.53905e+06
5.53804e+06
5.53808e+06
5.53852e+06
5.53781e+06
5.53858e+06
5.53819e+06
5.53787e+06
5.5388e+06
5.53823e+06
5.53823e+06
5.53918e+06
5.53898e+06
5.53865e+06
5.53819e+06
5.53891e+06
5.53863e+06
5.53883e+06
5.53828e+06
5.53771e+06
5.5385e+06
5.53808e+06
5.53834e+06
5.53892e+06
5.53867e+06
5.53907e+06
5.53892e+06
5.53881e+06
5.53853e+06
5.53893e+06
5.53795e+06
5.53858e+06
5.53822e+06
5.53778e+06
5.5381e+06
5.53748e+06
5.53852e+06
5.53892e+06
5.53886e+06
5.53878e+06
5.53877e+06
5.53801e+06
5.53839e+06
5.53907e+06
5.53808e+06
5.53865e+06
5.53923e+06
5.53815e+06
5.53849e+06
5.53889e+06
5.53825e+06
5.53778e+06
5.53764e+06
5.53876e+06
5.53906e+06
5.53893e+06
5.5389e+06
5.53884e+06
5.53807e+06
5.53815e+06
5.53844e+06
5.539e+06
5.53755e+06
5.53922e+06
5.53779e+06
5.53913e+06
5.53818e+06
5.53861e+06
5.53832e+06
5.53936e+06
5.53778e+06
5.53859e+06
5.53801e+06
5.53879e+06
5.53813e+06
5.53849e+06
5.53788e+06
5.53833e+06
5.53872e+06
5.53804e+06
5.5385e+06
5.53845e+06
5.53834e+06
5.53935e+06
5.53879e+06
5.53929e+06
5.53845e+06
5.53812e+06
5.53777e+06
5.53896e+06
5.53905e+06
5.53763e+06
5.538e+06
5.53957e+06
5.53805e+06
5.53882e+06
5.53838e+06
5.53822e+06
5.53779e+06
5.53864e+06
5.53886e+06
5.53849e+06
5.53784e+06
5.53898e+06
5.53886e+06
5.53878e+06
5.53752e+06
5.53877e+06
5.53811e+06
5.53976e+06
5.53876e+06
5.53847e+06
5.53785e+06
5.53808e+06
5.53879e+06
5.53891e+06
5.53814e+06
5.53874e+06
5.53832e+06
5.53878e+06
5.53777e+06
5.53824e+06
5.53836e+06
5.53925e+06
5.53838e+06
5.53897e+06
5.53844e+06
5.53828e+06
5.53858e+06
5.53909e+06
5.53829e+06
5.53883e+06
5.53787e+06
5.53809e+06
5.53846e+06
5.53835e+06
5.53888e+06
5.5384e+06
5.5389e+06
5.53815e+06
5.53856e+06
5.53809e+06
5.53764e+06
5.53879e+06
5.53914e+06
5.53937e+06
5.53824e+06
5.5381e+06
5.5382e+06
5.53825e+06
5.53838e+06
5.53848e+06
5.53841e+06
5.53838e+06
5.53909e+06
5.53835e+06
5.53827e+06
5.53766e+06
5.53963e+06
5.53834e+06
5.53815e+06
5.53878e+06
5.53896e+06
5.53791e+06
5.53883e+06
5.53828e+06
5.53916e+06
5.53842e+06
5.53828e+06
5.53858e+06
5.53805e+06
5.53884e+06
5.53836e+06
5.53855e+06
5.53838e+06
5.53873e+06
5.53823e+06
5.5381e+06
5.53784e+06
5.53893e+06
5.53829e+06
5.53884e+06
5.53844e+06
5.53805e+06
5.53942e+06
5.53853e+06
5.53884e+06
5.53896e+06
5.53818e+06
5.53856e+06
5.53847e+06
5.53882e+06
5.53864e+06
5.53765e+06
5.53823e+06
5.53825e+06
5.53858e+06
5.53792e+06
5.53884e+06
5.53909e+06
5.5392e+06
5.53824e+06
5.53806e+06
5.53848e+06
5.53822e+06
5.53833e+06
5.53837e+06
5.53904e+06
5.53864e+06
5.53885e+06
5.53789e+06
5.539e+06
5.53817e+06
5.53791e+06
5.5387e+06
5.53912e+06
5.53813e+06
5.5384e+06
5.53856e+06
5.5377e+06
5.53886e+06
5.53839e+06
5.53848e+06
5.53862e+06
5.53862e+06
5.53794e+06
5.53901e+06
5.53883e+06
5.53848e+06
5.53847e+06
5.53834e+06
5.53824e+06
5.53879e+06
5.53805e+06
5.53873e+06
5.5387e+06
5.53922e+06
5.53883e+06
5.53766e+06
5.53938e+06
5.53803e+06
5.53838e+06
5.53748e+06
5.53869e+06
5.53852e+06
5.53832e+06
5.53839e+06
5.53848e+06
5.53862e+06
5.53961e+06
5.53879e+06
5.53819e+06
5.53847e+06
5.53811e+06
5.5379e+06
5.53883e+06
5.53844e+06
5.53763e+06
5.53854e+06
5.5386e+06
5.53899e+06
5.53799e+06
5.5389e+06
5.53839e+06
5.53859e+06
5.53855e+06
5.53863e+06
5.53748e+06
5.53759e+06
5.5391e+06
5.53878e+06
5.53883e+06
5.5381e+06
5.5393e+06
5.53853e+06
5.5386e+06
5.53934e+06
5.53781e+06
5.53774e+06
5.53841e+06
5.53813e+06
5.53772e+06
5.53885e+06
5.53938e+06
5.53891e+06
5.53864e+06
5.53814e+06
5.53949e+06
5.5388e+06
5.5374e+06
5.5389e+06
5.53708e+06
5.53969e+06
5.53827e+06
5.53848e+06
5.53842e+06
5.53847e+06
5.53801e+06
5.53857e+06
5.53698e+06
5.53872e+06
5.53896e+06
5.53917e+06
5.53843e+06
5.53917e+06
5.53851e+06
5.53811e+06
5.53859e+06
5.53929e+06
5.53867e+06
5.53811e+06
5.53914e+06
5.53877e+06
5.53817e+06
5.53754e+06
5.53866e+06
5.53897e+06
5.53753e+06
5.53852e+06
5.53865e+06
5.53887e+06
5.53859e+06
5.538e+06
5.53886e+06
5.53824e+06
5.53835e+06
5.53906e+06
5.5383e+06
5.53816e+06
5.53834e+06
5.53843e+06
5.53839e+06
5.53848e+06
5.53905e+06
5.53833e+06
5.53836e+06
5.53749e+06
5.53883e+06
5.53845e+06
5.53792e+06
5.53878e+06
5.53943e+06
5.53807e+06
5.53847e+06
5.53909e+06
5.53834e+06
5.53847e+06
5.53843e+06
5.5387e+06
5.53864e+06
5.53889e+06
5.5381e+06
5.53833e+06
5.53883e+06
5.53817e+06
5.539e+06
5.53817e+06
5.53911e+06
5.53885e+06
5.53797e+06
5.53887e+06
5.53829e+06
5.53892e+06
5.53812e+06
5.53759e+06
5.53823e+06
5.53797e+06
5.53832e+06
5.53801e+06
5.53882e+06
5.53907e+06
5.53858e+06
5.53868e+06
5.5385e+06
5.53873e+06
5.53756e+06
5.5378e+06
216190
194623
194172
197049
196653
199130
198575
200243
199781
200832
200251
201108
200561
201374
200884
201617
201064
201488
200957
201462
200964
201320
200858
201175
200697
200867
200312
200791
200253
200656
200062
200472
199911
200271
199736
200055
199672
199858
199383
199919
199344
199611
199315
199471
199069
199523
198990
199428
198840
199240
198667
199114
198732
199027
198379
198904
198506
198757
198465
198740
198308
198618
198208
198513
198250
198519
198096
198416
197815
198301
197796
198230
197791
198287
197879
197983
197695
198144
197744
198087
197673
197840
197619
198018
197635
197861
197644
197926
197540
197740
197286
197849
197437
197734
197431
197695
197331
197622
197355
197586
197284
197634
197195
197689
197249
197600
197179
197527
197130
197515
197074
197461
197200
197382
197195
197304
197010
197367
197045
197354
197092
197325
197037
197360
196961
197341
196987
197376
196957
197356
196905
197301
196956
197292
196997
197373
197007
197358
196896
197305
196894
197289
196825
197106
196814
197204
196730
197243
196887
197027
196797
197172
196837
197071
196844
197106
196835
197203
196997
197032
196847
197126
196789
197112
196798
197181
196812
197074
196845
197022
196700
197062
196786
197088
196761
197073
196779
197145
196620
196826
196710
196912
196762
197067
196788
196977
196649
196965
196830
197060
196757
197000
196718
197037
196545
197054
196610
196926
196762
196923
2.44629e+06
2.42658e+06
2.42643e+06
2.42983e+06
2.4293e+06
2.43174e+06
2.43137e+06
2.43306e+06
2.4326e+06
2.43391e+06
2.43353e+06
2.43425e+06
2.43391e+06
2.43435e+06
2.43397e+06
2.43433e+06
2.43386e+06
2.43425e+06
2.43385e+06
2.43411e+06
2.4336e+06
2.4342e+06
2.43366e+06
2.43382e+06
2.43349e+06
1.6287e+06
1.33224e+06
1.3282e+06
1.32982e+06
1.32633e+06
1.32875e+06
1.32437e+06
1.32623e+06
1.3218e+06
1.32209e+06
1.3181e+06
1.31791e+06
1.31348e+06
1.31278e+06
1.30929e+06
1.30841e+06
1.30455e+06
1.30355e+06
1.29995e+06
1.29866e+06
1.29505e+06
1.29486e+06
1.29112e+06
1.28979e+06
1.28644e+06
1.28584e+06
1.28245e+06
1.28208e+06
1.27783e+06
1.27805e+06
1.2746e+06
1.2748e+06
1.27135e+06
1.27142e+06
1.26777e+06
1.26825e+06
1.26495e+06
1.26519e+06
1.26194e+06
1.26267e+06
1.25956e+06
1.25947e+06
1.25638e+06
1.25744e+06
1.25422e+06
1.25489e+06
1.25125e+06
1.25218e+06
1.24965e+06
1.25008e+06
1.24746e+06
1.24833e+06
1.2449e+06
1.24654e+06
1.24289e+06
1.24434e+06
1.24148e+06
1.24312e+06
1.23992e+06
1.24108e+06
1.23843e+06
1.23951e+06
1.23659e+06
1.23844e+06
1.23507e+06
1.23676e+06
1.23393e+06
1.23595e+06
1.23242e+06
1.234e+06
1.2312e+06
1.23295e+06
1.23008e+06
1.23163e+06
1.22926e+06
1.23081e+06
1.22772e+06
1.2299e+06
1.22731e+06
1.22839e+06
1.22584e+06
1.22776e+06
1.22542e+06
1.22725e+06
1.22344e+06
1.22627e+06
1.22341e+06
1.22587e+06
1.22243e+06
1.22468e+06
1.22204e+06
1.22413e+06
1.22107e+06
1.22345e+06
1.22048e+06
1.2223e+06
1.21963e+06
1.22172e+06
1.21906e+06
1.2215e+06
1.21867e+06
1.22098e+06
1.21861e+06
1.21987e+06
1.21774e+06
1.21976e+06
1.21716e+06
1.21906e+06
1.21648e+06
1.21852e+06
1.21628e+06
1.21792e+06
1.21561e+06
1.21731e+06
1.21562e+06
1.2172e+06
1.2142e+06
1.21693e+06
1.21442e+06
1.21607e+06
1.21426e+06
1.21647e+06
1.21397e+06
1.21609e+06
1.21305e+06
1.21575e+06
1.2129e+06
1.21527e+06
1.2126e+06
1.21492e+06
1.21228e+06
1.21456e+06
1.21222e+06
1.21391e+06
1.21159e+06
1.21386e+06
1.21137e+06
1.21341e+06
1.21082e+06
1.21297e+06
1.21056e+06
1.21251e+06
1.21033e+06
1.21268e+06
1.21058e+06
1.21216e+06
1.21029e+06
1.2123e+06
1.21012e+06
1.2117e+06
1.20949e+06
1.21149e+06
1.20964e+06
1.21168e+06
1.20941e+06
1.21175e+06
1.20896e+06
1.21107e+06
1.20901e+06
1.21096e+06
1.20865e+06
1.21083e+06
1.20828e+06
1.21062e+06
1.20846e+06
1.21035e+06
1.20834e+06
1.20984e+06
1.20771e+06
1.20982e+06
1.20775e+06
1.20983e+06
1.20809e+06
1.20939e+06
1.20747e+06
1.20933e+06
1.2078e+06
1.20942e+06
1.20776e+06
1.20899e+06
1.20731e+06
1.20886e+06
1.20728e+06
1.20883e+06
1.20696e+06
1.20821e+06
1.20681e+06
1.20893e+06
1.20638e+06
1.20857e+06
1.20698e+06
1.2086e+06
1.20633e+06
1.20846e+06
1.20633e+06
1.20771e+06
1.20621e+06
1.2081e+06
1.20594e+06
1.20826e+06
1.17537e+10
1.5484e+49
8.80068e+48
1.36281e+48
8.80763e+46
7.83232e+44
1.05384e+46
4.96626e+43
7.49251e+43
2.93441e+08
1.87929e+44
1.19658e+44
7.59251e+42
4.51572e+42
1.05142e+41
2.98444e+41
7.83571e+09
6.90699e+09
6.02562e+09
7.84223e+09
6.47181e+09
8.1276e+09
6.88214e+09
8.08385e+09
7.11049e+09
8.221e+09
7.15104e+09
7.99759e+09
7.1246e+09
8.02282e+09
7.10793e+09
8.02735e+09
7.08782e+09
8.09487e+09
7.3201e+09
8.12213e+09
7.37228e+09
7.99706e+09
7.34324e+09
8.19846e+09
7.3017e+09
7.96578e+09
7.46288e+09
8.16952e+09
7.46423e+09
8.00775e+09
7.2659e+09
8.24527e+09
7.50218e+09
8.15305e+09
7.46477e+09
8.03038e+09
7.5163e+09
8.33265e+09
7.51261e+09
8.07824e+09
7.42829e+09
8.10061e+09
7.42892e+09
8.17172e+09
7.46567e+09
143995
695078
664776
729248
704152
758229
733123
777006
756392
792903
772094
805968
787132
819010
801560
826054
810605
836545
821918
847549
824401
144746
318609
315318
350697
347105
370447
366839
384385
379937
393407
389503
399410
395189
405711
400764
409635
405704
412214
408456
415802
410954
417802
413385
419791
415509
421227
417171
422131
418488
423715
420012
424603
420504
425606
421740
425947
422297
428079
423845
427534
425111
428418
424723
429903
425334
144494
273562
267713
280968
276137
285990
282603
289837
287002
293113
290224
295067
292957
296946
295207
-nan
-nan
-nan
-nan
-nan
-nan
-nan
-nan
-nan
-nan
-nan
-nan
-nan
-nan
-nan
-nan
-nan
-nan
-nan
-nan
-nan
-nan
-nan
-nan
-nan
-nan
-nan
-nan
-nan
-nan
-nan
-nan
-nan
-nan
-nan
-nan
-nan
-nan
-nan
-nan
-nan
-nan
-nan
-nan
-nan
-nan
-nan
-nan
-nan
-nan
-nan
-nan
-nan
-nan
-nan
-nan
-nan
-nan
-nan
-nan
-nan
-nan
-nan
-nan
-nan
-nan
-nan
-nan
-nan
-nan
-nan
-nan
-nan
-nan
-nan
-nan
-nan
-nan
-nan
-nan
-nan
-nan
-nan
-nan
-nan
-nan
-nan
-nan
-nan
-nan
-nan
-nan
-nan
-nan
-nan
-nan
-nan
-nan
-nan
-nan
-nan
-nan
-nan
-nan
-nan
-nan
-nan
-nan
-nan
-nan
-nan
-nan
-nan
-nan
-nan
-nan
149851
83797.1
83887.9
78837.5
78711.6
76581.8
76370.1
75650.9
75611
75370.6
75046.3
74673.6
74522.9
74560.4
74474.6
74487.1
74271.8
74447.4
74344.8
74371.7
74150.9
74312.6
74173.5
74311.9
74143.3
74390.2
74074.1
74428.9
74013.9
74360.4
73937.9
74257.8
74027.6
74114.7
74004.1
74119
73955
74233
74007.2
74151.4
73936.3
74086.5
73824.5
74281
74009.7
74174.4
74018.5
74186.2
74070.7
74300.9
74025.8
74172.9
74010.2
74227.9
73966.6
74279.6
73998.9
74180.7
74063.7
74099.9
74002.5
74294.9
74003.6
74035.7
73894.6
74042.2
73893.7
74031.5
73773.8
74061.9
73826.2
73859.9
73577.9
74022.9
73742.1
73875.4
73590.9
73775.6
73656.9
73804.4
73646
73632.3
73512.6
73779.4
73528.8
73897.7
73491.9
73767.9
73526.3
73668.1
73417.8
73827.1
73378.3
73644.4
73486.6
73534.8
73467.7
73476.4
73258.8
73543.7
73183.8
73565.4
73346.6
73432.1
73208.6
73386.6
73313.9
73504.6
73232
73433.7
73148.3
73236.9
73266.5
73240.5
72968.4
73383.6
73087.5
73371
73030
73384
73121
73306.6
73252.5
73028
73093.6
73331.2
73143.7
73279.6
73051.6
73233.4
73001.5
73460
72922.6
73407.4
73013.3
73038
73075.9
73310.5
73170.3
73127.5
72864.8
73171.8
73186.1
143241
148263
146583
140849
139642
140930
139756
141249
140566
142402
141308
142892
141950
143507
142345
143418
142687
143476
142727
143854
142896
143833
143031
144058
143002
143767
143029
143832
143100
143600
142918
143459
142729
143512
142450
143365
142646
143279
142589
143205
142337
142930
142286
142993
142434
142796
141913
142785
142179
142617
142004
142513
141957
142212
141526
142568
141695
142105
141333
142185
141394
142126
141096
141832
141031
141653
141075
141517
140986
141347
140767
141465
140609
141271
140636
141015
140651
141032
140326
141044
140174
140679
139935
140633
140055
140507
140000
140341
139814
140449
139665
140253
139735
140236
139557
139832
139396
139918
139346
139855
139345
139979
139187
139642
138964
139510
138909
139376
138918
139606
138901
139245
138805
139263
138595
139272
138394
139214
138428
138923
138219
138842
138193
138772
138294
138822
138146
138793
138066
138703
138032
138403
137816
138538
137803
138332
137739
138165
137695
138040
137727
137991
137574
138041
137322
137927
137511
137821
137290
137912
137403
137760
136948
137785
137185
137681
136972
137638
137039
137403
136843
137358
136776
137095
136735
137246
136694
137125
136551
137122
136535
137143
136579
136832
136441
136988
136378
136794
136326
136703
136369
136808
136003
136555
136040
136508
136251
136351
135818
136353
136049
136424
135984
136393
135886
136408
135934
136283
135699
136188
1.16154e+06
1.10654e+06
1.09888e+06
1.02979e+06
1.02488e+06
1.00839e+06
1.00326e+06
1.00273e+06
998532
1.00437e+06
999273
1.0098e+06
1.00383e+06
1.01638e+06
1.01055e+06
1.0224e+06
1.01748e+06
1.02941e+06
1.02378e+06
1.03585e+06
1.0296e+06
1.04239e+06
1.03615e+06
1.04839e+06
1.04213e+06
1.05356e+06
1.04715e+06
1.05885e+06
1.05264e+06
1.06266e+06
1.05651e+06
1.06801e+06
1.0627e+06
1.07259e+06
1.06578e+06
1.07633e+06
1.07028e+06
1.07955e+06
1.07324e+06
1.08301e+06
1.0775e+06
1.08689e+06
1.08053e+06
1.08985e+06
1.08416e+06
1.09297e+06
1.08714e+06
1.09513e+06
1.08904e+06
1.09817e+06
1.09236e+06
1.10076e+06
1.095e+06
1.10305e+06
1.09668e+06
1.10462e+06
1.09928e+06
1.10705e+06
1.10201e+06
1.1094e+06
1.10358e+06
1.11111e+06
1.10441e+06
1.11234e+06
1.1076e+06
1.11559e+06
1.1094e+06
1.11659e+06
1.11148e+06
1.11804e+06
1.11251e+06
1.11923e+06
1.11425e+06
1.121e+06
1.1152e+06
1.12278e+06
1.11672e+06
1.12354e+06
1.11857e+06
1.12505e+06
1.11957e+06
1.12567e+06
1.12073e+06
1.12698e+06
1.1222e+06
1.12817e+06
1.12282e+06
1.12972e+06
1.12336e+06
1.1305e+06
1.12477e+06
1.13138e+06
1.12609e+06
1.13271e+06
1.12694e+06
1.13348e+06
1.12714e+06
1.13323e+06
1.12896e+06
1.13511e+06
1.13012e+06
1.13652e+06
1.1302e+06
1.13627e+06
1.13088e+06
1.13735e+06
1.13216e+06
1.13818e+06
1.13299e+06
1.13908e+06
1.1344e+06
1.13888e+06
1.13466e+06
1.13988e+06
1.13576e+06
1.14082e+06
1.13593e+06
1.14049e+06
1.13616e+06
1.14229e+06
1.13733e+06
1.14308e+06
1.13773e+06
1.14326e+06
1.13786e+06
1.14405e+06
1.13908e+06
1.14429e+06
1.13992e+06
1.14463e+06
1.13996e+06
1.1457e+06
1.14052e+06
1.14584e+06
1.1405e+06
1.14626e+06
1.14163e+06
1.14645e+06
1.14219e+06
1.1473e+06
1.14248e+06
1.14781e+06
1.14185e+06
1.14817e+06
1.14371e+06
1.14863e+06
1.14299e+06
1.14906e+06
1.14337e+06
1.14953e+06
1.14415e+06
1.14998e+06
1.1449e+06
1.15024e+06
1.1448e+06
1.15067e+06
1.1453e+06
1.15033e+06
1.14576e+06
1.15088e+06
1.14605e+06
1.15099e+06
1.14589e+06
1.15131e+06
1.14631e+06
1.15342e+06
1.14689e+06
1.152e+06
1.14754e+06
1.15138e+06
1.14743e+06
1.15221e+06
1.14764e+06
1.15312e+06
1.14834e+06
1.15254e+06
1.14748e+06
1.1526e+06
1.14819e+06
1.15382e+06
1.14907e+06
1.15323e+06
1.14909e+06
1.15326e+06
1.14966e+06
1.15444e+06
1.14997e+06
1.15486e+06
1.1502e+06
1.15507e+06
1.15028e+06
1.1555e+06
1.14978e+06
1.15502e+06
1.15109e+06
1.15534e+06
1.15124e+06
1.15533e+06
1.15135e+06
1.15653e+06
143692
163277
161568
151331
150116
147493
146839
146454
145817
145583
144878
145193
144578
145249
144304
144791
143859
144498
143665
143993
143180
143973
143223
143731
142889
143665
142766
143112
142607
143308
142392
143149
142439
142902
142150
142987
142076
142619
141909
142315
141568
142508
141596
142206
141526
142271
141639
141973
141295
141825
141424
141912
141231
141667
140999
141616
140916
141425
140669
141251
140671
141428
140642
141260
140616
141030
140399
141037
140452
140971
140175
140920
140084
140616
139819
140546
139826
140444
139798
140236
139760
140063
139531
140236
139467
140070
139350
139979
139386
139717
139283
139755
139028
139706
139136
139727
139028
139856
139128
139471
138975
139386
138739
139185
138631
139405
138663
139127
138726
139039
138435
138857
138442
139075
138465
138891
138163
138697
137995
138439
138159
138697
138061
138467
137954
138294
137779
138208
137707
138354
137673
138274
137869
137997
137677
137911
137753
137995
137638
137733
137442
138063
137303
138014
137113
137912
137251
137755
137232
137625
137171
137700
136892
137659
137103
137424
136993
137320
136822
137383
136695
137274
136867
137127
136697
137170
136504
137114
136631
136969
136538
136973
136386
136967
136479
136825
136378
136828
136224
136548
136386
136715
136041
136594
136169
136426
136177
136466
136228
136425
135949
136531
135988
136458
135945
136486
135887
136631
135893
136351
147785
1.85819e+06
1.835e+06
2.62625e+06
2.59514e+06
3.15381e+06
3.10857e+06
3.56107e+06
3.51274e+06
3.85146e+06
3.79401e+06
4.12337e+06
4.05858e+06
4.349e+06
4.27574e+06
4.55312e+06
4.49103e+06
4.72553e+06
4.67214e+06
4.90728e+06
4.82513e+06
5.06673e+06
4.99018e+06
5.19104e+06
5.12388e+06
5.36121e+06
5.25882e+06
5.47377e+06
5.39199e+06
5.60276e+06
5.52012e+06
5.72896e+06
5.65108e+06
5.8497e+06
5.74305e+06
5.93399e+06
5.86763e+06
6.07325e+06
5.97928e+06
6.16838e+06
6.08416e+06
6.30216e+06
6.19506e+06
6.37083e+06
6.31031e+06
6.48598e+06
6.37451e+06
6.56122e+06
6.4839e+06
6.68173e+06
6.591e+06
6.7743e+06
6.68462e+06
6.87293e+06
6.76512e+06
6.95592e+06
6.8673e+06
7.06473e+06
6.97014e+06
7.1267e+06
7.03009e+06
7.25786e+06
7.13691e+06
7.31688e+06
7.19664e+06
7.39015e+06
7.30034e+06
7.48474e+06
7.38596e+06
7.55311e+06
7.48134e+06
7.65354e+06
7.55908e+06
7.73353e+06
7.64656e+06
7.79973e+06
7.69818e+06
7.88782e+06
7.80948e+06
7.95732e+06
7.87488e+06
8.06385e+06
7.95437e+06
8.13479e+06
8.04104e+06
8.19212e+06
8.10003e+06
8.2828e+06
8.18717e+06
8.36083e+06
8.2498e+06
8.4284e+06
8.32757e+06
8.49878e+06
8.39442e+06
8.59028e+06
8.47651e+06
8.65509e+06
8.54342e+06
8.7349e+06
8.63754e+06
8.80768e+06
8.69564e+06
8.8778e+06
8.77935e+06
8.94214e+06
8.84745e+06
9.01793e+06
8.95225e+06
9.09055e+06
8.95048e+06
9.14575e+06
9.05824e+06
9.21757e+06
9.11264e+06
9.27175e+06
9.16934e+06
9.37373e+06
9.25749e+06
9.42053e+06
9.31765e+06
9.48492e+06
9.38403e+06
9.56996e+06
9.47163e+06
9.60618e+06
9.50963e+06
9.71123e+06
9.59647e+06
9.77484e+06
9.67181e+06
9.83199e+06
9.72514e+06
9.88328e+06
9.78216e+06
9.95454e+06
9.85213e+06
1.00558e+07
9.91493e+06
1.01185e+07
9.9745e+06
1.01103e+07
1.00269e+07
1.01916e+07
1.0092e+07
1.02824e+07
1.01711e+07
1.03601e+07
1.02473e+07
1.04056e+07
1.03022e+07
1.04749e+07
1.03499e+07
1.05295e+07
1.04272e+07
1.06083e+07
1.04846e+07
1.06473e+07
1.05583e+07
1.07054e+07
1.05999e+07
1.07533e+07
1.06756e+07
1.08367e+07
1.07224e+07
1.08985e+07
1.07814e+07
1.09511e+07
1.08248e+07
1.1003e+07
1.08729e+07
1.10682e+07
1.09647e+07
1.11156e+07
1.10123e+07
1.11722e+07
1.10526e+07
1.12222e+07
1.11148e+07
1.13101e+07
1.12097e+07
1.13436e+07
1.12516e+07
1.14477e+07
1.13147e+07
1.14782e+07
1.1353e+07
1.15329e+07
1.1421e+07
1.15836e+07
1.14938e+07
1.16395e+07
1.15419e+07
1.17153e+07
1.15872e+07
1.17599e+07
1.16103e+07
1.17995e+07
1.17045e+07
1.186e+07
-nan
-nan
-nan
-nan
-nan
-nan
-nan
-nan
-nan
-nan
-nan
-nan
-nan
-nan
-nan
-nan
-nan
-nan
-nan
-nan
-nan
-nan
-nan
-nan
-nan
111991
653832
676057
2.11864e+06
2.18706e+06
6.77502e+06
7.03668e+06
2.65802e+07
2.75126e+07
138883
223740
229959
433010
441832
763257
771714
1.087e+06
1.09272e+06
1.38994e+06
1.39798e+06
1.66998e+06
1.67453e+06
1.93046e+06
1.93607e+06
2.17772e+06
2.18377e+06
2.41088e+06
2.41688e+06
2.63619e+06
2.63895e+06
2.84936e+06
2.85329e+06
3.05364e+06
3.064e+06
3.24893e+06
147630
1.86063e+06
1.8541e+06
2.63459e+06
2.6019e+06
3.16534e+06
3.12064e+06
3.57365e+06
3.5186e+06
142943
160060
158224
148140
147382
145961
144990
145228
144413
144899
144152
144831
144085
145034
144022
144547
144010
144417
143744
144490
143773
144461
143696
144169
143724
144317
143691
144206
143351
144305
143555
144175
143535
144085
143257
144022
143095
143841
143026
143773
143003
143513
142811
143622
142914
143418
142604
143360
142473
143262
142381
143092
142235
142975
142348
142773
142210
142861
141951
142652
142049
142688
141794
142448
141881
142402
141628
142350
141386
141967
141646
142026
141347
141953
141204
141813
141061
141670
140878
141527
141139
141490
140687
141424
140488
141240
140591
141183
140412
140907
140313
140856
140336
141003
140411
140752
140266
140628
140175
140779
139864
140764
139987
140446
140005
140453
139782
140189
139541
140268
139555
140052
139453
140122
139478
140170
139198
139886
139288
139703
139224
139782
139238
139528
138985
139731
138889
139664
138901
139603
138702
139281
138765
139089
138587
139278
138531
139126
138385
139029
138376
138863
138640
138861
138247
138562
138262
138711
138151
138489
138154
138658
138032
138229
137918
138474
137795
138256
137912
138154
137965
138280
137902
138075
137489
138305
137377
137943
137658
137908
137559
138088
137550
137832
137327
137895
137409
137903
137418
137731
137075
137560
137097
137532
137168
137630
136914
137457
137071
137319
136894
137239
136824
137238
136800
137212
136708
137174
136599
137186
1.16689e+06
1.14993e+06
1.14204e+06
1.13667e+06
1.13258e+06
1.12926e+06
1.12646e+06
1.12405e+06
1.12192e+06
1.12001e+06
1.11829e+06
1.11671e+06
1.11526e+06
1.11392e+06
1.11267e+06
1.1115e+06
1.1104e+06
1.10936e+06
1.10838e+06
1.10744e+06
1.10656e+06
1.10571e+06
1.1049e+06
1.10413e+06
1.10338e+06
1.10267e+06
1.10198e+06
1.10132e+06
1.10068e+06
1.10007e+06
1.09947e+06
1.09889e+06
1.09834e+06
1.09779e+06
1.09727e+06
1.09676e+06
1.09626e+06
1.09578e+06
1.09531e+06
1.09485e+06
1.09441e+06
1.09397e+06
1.09355e+06
1.09314e+06
1.09273e+06
1.09234e+06
1.09196e+06
1.09158e+06
1.09121e+06
1.09085e+06
1.0905e+06
1.09016e+06
1.08982e+06
1.08949e+06
1.08916e+06
1.08884e+06
1.08853e+06
1.08823e+06
1.08793e+06
1.08763e+06
1.08734e+06
1.08706e+06
1.08678e+06
1.08651e+06
1.08624e+06
1.08597e+06
1.08571e+06
1.08546e+06
1.08521e+06
1.08496e+06
1.08472e+06
1.08448e+06
1.08424e+06
1.08401e+06
1.08378e+06
1.08356e+06
1.08334e+06
1.08312e+06
1.0829e+06
1.08269e+06
1.08248e+06
1.08228e+06
1.08207e+06
1.08187e+06
1.08168e+06
1.08148e+06
1.08129e+06
1.0811e+06
1.08092e+06
1.08073e+06
1.08055e+06
1.08037e+06
1.08019e+06
1.08002e+06
1.07985e+06
1.07968e+06
1.07951e+06
1.07934e+06
1.07918e+06
1.07901e+06
312015
294461
283953
279086
275189
273543
270763
270239
268106
267561
266040
266295
264725
265284
263421
264061
262232
263608
261958
262537
261593
262210
260510
261728
260612
260918
260363
260617
259946
260751
259807
260266
259663
259967
259593
260031
259312
259183
258711
259838
258825
259489
258572
259477
258743
259196
258497
259089
258292
259281
259095
259105
258611
258946
258292
258907
258706
258911
258082
259059
258281
259241
258279
258940
258700
258793
258366
258712
258195
258801
258526
259022
258774
258813
258762
258751
258199
259458
258439
259173
258429
259143
258714
258710
258884
259122
258757
258493
258990
259171
258897
259261
258814
259239
259199
259297
259339
259160
259180
259766
258888
259709
259126
259659
259017
259392
259566
259899
259022
259864
258862
259668
259441
259794
259499
259270
259339
260098
259033
260191
259145
259895
259598
259675
259588
260118
259507
260387
259630
260203
260176
260024
259824
260436
259730
260561
259458
260354
260074
260171
260030
260629
260551
259877
260035
260514
260284
260311
260293
260500
260561
260592
260338
260917
260405
261121
260244
260524
260394
260860
260769
260841
261117
261166
261035
261035
261063
261288
260580
261318
260639
261092
261050
261449
261202
261690
260643
261602
260912
261817
261341
261946
261139
261796
261153
261802
261809
261510
261396
261673
261897
261891
261431
261801
261507
262129
261509
261800
261858
262270
212751
186052
180758
172766
170667
168540
166476
166442
164227
164630
163639
163847
162528
163385
161846
162617
161948
162621
161546
162313
161414
162145
161699
162385
161219
162395
161603
162349
161711
162455
161973
162710
161961
163052
162049
162919
161959
163286
162211
163262
162610
163630
162646
163840
162756
163916
163484
164171
163556
164034
163796
164489
164193
164873
164294
164715
164371
165250
164522
165554
164954
165622
164964
165809
165167
166141
165522
166332
165856
166833
165965
166824
166202
166935
166366
167521
166614
167508
166758
167853
167306
167914
167358
168321
167691
168260
167794
168573
167683
168634
168169
169277
168322
169085
168562
169327
168902
169351
169050
169480
169352
169919
169490
170252
169458
170488
169737
170514
169854
171079
169929
171109
170319
170882
170795
171173
170595
171613
170697
171977
171264
171899
171286
171970
171530
172416
171720
172300
172173
172889
171787
172442
172588
172750
172741
173193
172658
173063
172506
173573
172760
173671
173048
173796
173213
174003
173436
174238
173185
174707
173965
174376
173943
174520
174250
174851
173938
175047
174581
175097
174703
175233
175330
175086
174924
175323
174949
175907
175354
175600
175289
176056
175617
176255
175888
176303
175895
176471
176082
176460
176029
176543
176232
176948
176565
176752
176384
176963
176610
177137
176645
177347
177122
177617
176762
177789
176969
178017
177319
177708
164632
150752
147888
137055
135367
133141
132286
131701
130650
131520
130528
131854
130758
132173
131334
132746
131991
133360
132717
134459
133211
135002
134125
135830
134888
136380
135712
137393
136394
137711
137020
138448
137765
139127
138287
139554
138902
140426
139445
141028
140160
141610
140555
142008
140918
142356
141382
142891
142200
143242
142500
143465
142727
144204
143432
144395
143619
144465
143798
145155
144249
145609
144741
145450
144826
145997
145037
146129
145511
146365
145671
146598
146006
146842
146132
146982
145973
147443
146484
147702
146977
147649
146877
147789
147013
148066
147182
147939
147539
148420
147898
148401
147825
148310
147798
148594
147912
148727
148061
148879
148341
149049
148342
149046
148662
149513
148490
149341
148616
149381
148521
149674
148868
149574
148760
149715
149057
149548
148741
150197
149147
149818
149178
149898
149207
150047
149463
149945
149576
150065
149557
150372
149615
150337
149547
150024
149680
150468
149444
150485
149853
150411
149953
150810
149674
150657
150001
150328
149947
150537
150178
150810
149937
150749
149980
150321
150260
150977
150367
151044
150129
150877
150350
150550
150273
150915
150446
150726
150231
150897
150436
151039
150308
151121
150334
151006
150410
151110
150512
150913
150530
151555
150491
151281
150432
151065
150489
151164
150631
151339
150594
151364
150709
151185
150565
151339
150421
151224
150754
151447
149800
154232
152025
140589
139521
136694
136207
135905
135052
135647
134963
136274
135643
136701
135742
137477
136493
137687
136922
138299
137731
138974
138120
139335
138744
140107
139097
140282
139366
140797
139839
140729
139898
141183
140224
141487
140581
141607
140843
141985
141029
141811
141218
142269
141297
142619
141578
142445
141857
142686
141802
142874
141977
142767
142073
142904
141894
142959
142200
143127
142385
143206
142323
143125
142528
143172
142359
143668
142557
143465
142416
143418
142537
143387
142834
143359
142660
143322
142718
143343
142682
143388
142652
143592
142651
143692
142604
143311
142949
143520
142645
143429
142696
143537
142891
143649
142624
143306
142894
143365
142851
143411
142871
143423
142755
143255
142848
143383
142870
143454
142838
143267
142678
143339
142818
143123
142717
143262
142868
143023
142577
143342
142757
143273
142835
143215
142647
143321
142713
143235
142730
143279
142836
143061
142549
143312
142470
143059
142528
142996
142644
143518
142640
143019
142815
143047
142490
142997
142315
143157
142353
143015
142282
142887
142521
142822
142369
143048
142269
142980
142414
142987
142369
142780
142403
142981
142445
142846
142298
142742
142246
142873
142253
142667
142377
142767
142219
142773
142273
142760
142304
142592
142182
142783
142395
142787
142080
142352
142072
142533
142035
142429
142199
142582
142138
142784
142190
142785
142014
142749
158715
148907
146558
132048
131099
127999
127353
127299
126378
127027
126336
127330
126628
128075
127364
129152
128137
129833
129064
130637
130008
131603
130901
132127
131568
132747
131949
133506
132605
133976
133386
134551
133904
135079
134244
135528
134649
135966
135257
136173
135279
136371
135701
136804
136016
137166
136441
137496
136591
137591
136933
137744
137043
137991
137218
137958
137376
138336
137514
138309
137714
138497
138060
138850
138048
138931
138116
138805
138362
139048
138510
139157
138362
139175
138459
139128
138494
139309
138570
139435
138810
139293
138957
139716
139016
139549
138988
139761
138972
139545
138906
139561
139320
139635
139070
139861
139084
139687
139181
139950
139292
139869
139438
139743
139285
139818
139310
140109
139366
140147
139466
140162
139421
139891
139445
140117
139271
139910
139432
140051
139307
140038
139366
140075
139542
140178
139434
140191
139468
139956
139584
140061
139429
139910
139483
139973
139393
139855
139600
140164
139427
139905
139565
140156
139548
140218
139520
140013
139370
140260
139490
139962
139580
140006
139497
140118
139539
140166
139524
139995
139514
140133
139638
140203
139670
140180
139606
140082
139476
139929
139524
140155
139471
140062
139391
140058
139546
139891
139666
139778
139571
139716
139366
139861
139460
140110
139513
139935
139397
139800
139363
139935
139561
139870
139371
140102
139456
140030
139400
140195
157844
150309
148090
134347
133543
130322
129166
157195
149750
147858
134325
133426
130292
129337
128734
128132
128324
127797
128764
127880
129385
128343
129977
129192
130780
129771
131062
130145
131889
131058
132617
131658
133296
132378
133729
132828
134527
133564
157504
148453
146223
131258
130332
126471
125452
124624
123771
124264
123303
124459
123821
124849
123989
125423
124633
125887
125226
158337
148846
146365
132120
131151
128208
127504
127024
126166
126734
125926
127243
126420
127905
127318
128486
127681
129493
128605
130098
129304
130858
130187
131427
130833
132468
131303
132925
132017
133410
132832
134041
133255
134546
133559
135076
133897
135340
134809
135620
134862
136077
135411
136238
135567
136661
136110
136957
136440
137248
136346
137532
136850
137503
136863
137846
137119
137955
137130
138030
137378
138121
137533
138271
137759
138523
137911
138824
137797
138522
138023
138869
138167
138971
138268
138873
138491
138902
138287
138958
138535
139139
138384
139210
138507
139215
138570
139302
138627
139281
138684
139391
138677
139300
138901
139483
138789
139408
138747
139519
138772
139550
138753
139755
138901
139605
138990
139636
138845
139581
139078
139574
139020
139480
139243
139552
139088
139461
138942
139691
139086
139681
139145
139584
138985
139760
139191
139540
139143
139540
139100
139244
139020
139637
139156
139874
139233
139724
139071
139574
139077
139432
139062
157960
148388
145935
132566
131763
129176
128325
128039
127111
127907
127226
128461
127940
